0 1 290.99302
0 2 794.00183
0 3 628.70629
0 4 850.04943
0 5 806.30102
0 6 881.97591
0 7 972.87318
0 8 991.28119
0 9 437.07376
0 10 1237.91973
0 11 1186.96788
0 12 903.39317
0 13 507.79269
0 14 903.18076
0 15 1178.84184
0 16 1197.21931
0 17 1201.21911
0 18 1205.37794
0 19 901.74469
0 20 760.41009
0 21 1032.28924
0 22 943.22160
0 23 1105.64003
0 24 998.60001
0 25 1011.25521
0 26 1527.09196
0 27 1338.98473
0 28 1058.81928
0 29 1205.63633
0 30 1793.62557
0 31 1337.93679
0 32 1714.40564
0 33 1740.60018
0 34 1498.45358
0 35 1852.35373
0 36 1624.75194
0 37 1858.09261
1 2 512.54098
1 3 341.88801
1 4 564.41248
1 5 515.31151
1 6 591.02569
1 7 682.87680
1 8 701.25826
1 9 457.15919
1 10 946.94348
1 11 896.43640
1 12 622.35178
1 13 483.51443
1 14 624.61996
1 15 891.17748
1 16 909.78547
1 17 914.28018
1 18 918.59212
1 19 660.67341
1 20 811.12500
1 21 779.03491
1 22 717.71699
1 23 847.67018
1 24 774.51112
1 25 792.03148
1 26 1253.13736
1 27 1082.89339
1 28 966.32035
1 29 1045.97764
1 30 1533.66844
1 31 1192.87097
1 32 1472.36866
1 33 1496.33074
1 34 1308.44323
1 35 1598.94551
1 36 1412.88752
1 37 1649.18903
2 3 174.78754
2 4 68.96557
2 5 167.35279
2 6 182.23963
2 7 299.63989
2 8 312.28208
2 9 882.96170
2 10 492.02292
2 11 463.56857
2 12 370.98277
2 13 866.29072
2 14 391.35765
2 15 503.10067
2 16 521.80844
2 17 530.93943
2 18 536.24794
2 19 591.74659
2 20 1200.50945
2 21 621.88888
2 22 678.52952
2 23 651.94598
2 24 721.36813
2 25 748.32536
2 26 923.16804
2 27 851.35856
2 28 1154.16996
2 29 1095.08806
2 30 1245.57521
2 31 1251.34625
2 32 1252.08090
2 33 1266.85088
2 34 1251.66030
2 35 1331.29480
2 36 1288.37008
2 37 1514.19697
3 4 222.53898
3 5 199.75853
3 6 266.30429
3 7 376.01162
3 8 393.28090
3 9 713.57918
3 10 620.55994
3 11 577.99478
3 12 375.43152
3 13 702.70225
3 14 388.58291
3 15 592.44538
3 16 611.68824
3 17 618.52734
3 18 623.45032
3 19 535.34596
3 20 1040.02765
3 21 603.94397
3 22 617.42127
3 23 652.50690
3 24 668.07733
3 25 693.06044
3 26 992.85252
3 27 875.33091
3 28 1040.06623
3 29 1021.02303
3 30 1301.12752
3 31 1177.73150
3 32 1279.46761
3 33 1298.17849
3 34 1216.94501
3 35 1379.17052
3 36 1279.00100
3 37 1511.83712
4 5 139.40601
4 6 127.00405
4 7 238.63042
4 8 249.69694
4 9 912.46680
4 10 423.32646
4 11 394.71242
4 12 329.11246
4 13 889.63898
4 14 350.99518
4 15 436.37857
4 16 454.91148
4 17 464.30070
4 18 469.63347
4 19 564.02028
4 20 1219.61174
4 21 580.09155
4 22 650.90979
4 23 603.92657
4 24 690.17743
4 25 717.48684
4 26 857.65648
4 27 795.15346
4 28 1144.52651
4 29 1068.24841
4 30 1181.62140
4 31 1223.49684
4 32 1193.52840
4 33 1207.41489
4 34 1209.97419
4 35 1268.51264
4 36 1238.90951
4 37 1462.21392
5 6 77.17624
5 7 176.35391
5 8 193.82167
5 9 808.47195
5 10 431.65322
5 11 383.20583
5 12 205.56480
5 13 776.96486
5 14 225.01061
5 15 392.72328
5 16 411.96093
5 17 418.76901
5 18 423.69491
5 19 426.93145
5 20 1099.88352
5 21 455.27506
5 22 513.88358
5 23 488.76895
5 24 555.17280
5 25 582.28205
5 26 796.32129
5 27 697.30018
5 28 1005.75286
5 29 931.16053
5 30 1109.60689
5 31 1086.92514
5 32 1100.86878
5 33 1117.49036
5 34 1084.60618
5 35 1190.80619
5 36 1124.95933
5 37 1352.83268
6 7 119.25859
6 8 133.88373
6 9 881.57233
6 10 356.78449
6 11 311.72376
6 12 206.55257
6 13 847.26975
6 14 229.29605
6 15 331.82587
6 16 351.00439
6 17 358.96739
6 18 364.12048
6 19 451.16761
6 20 1166.12734
6 21 455.58643
6 22 537.22086
6 23 477.12682
6 24 572.80619
6 25 600.26013
6 26 746.00278
6 27 669.79016
6 28 1047.94074
6 29 953.12870
6 30 1065.57421
6 31 1107.10264
6 32 1069.90192
6 33 1084.61125
6 34 1084.64485
6 35 1150.15788
6 36 1111.90545
6 37 1335.44359
7 8 18.41945
7 9 926.36451
7 10 273.08541
7 11 215.21237
7 12 154.47088
7 13 882.04522
7 14 176.44485
7 15 216.45359
7 16 235.70224
7 17 242.76779
7 18 247.76781
7 19 403.76503
7 20 1185.58822
7 21 374.66854
7 22 484.62296
7 23 381.64533
7 24 510.73875
7 25 537.88878
7 26 626.83839
7 27 558.03096
7 28 1016.03628
7 29 890.41029
7 30 946.53722
7 31 1040.56606
7 32 954.97756
7 33 968.78534
7 34 994.03330
7 35 1031.68511
7 36 1008.82601
7 37 1228.37400
8 9 943.16621
8 10 255.22880
8 11 196.85271
8 12 165.20401
8 13 898.16124
8 14 186.38375
8 15 199.47014
8 16 218.72186
8 17 226.09132
8 18 231.15332
8 19 411.65890
8 20 1200.21483
8 21 376.30894
8 22 491.24477
8 23 379.49877
8 24 515.58073
8 25 542.57454
8 26 612.34135
8 27 549.77398
8 28 1024.74266
8 29 894.27480
8 30 933.32048
8 31 1043.55006
8 32 944.92912
8 33 958.24569
8 34 991.89059
8 35 1019.21251
8 36 1003.25833
8 37 1221.40834
9 10 1195.77256
9 11 1130.98627
9 12 800.67579
9 13 88.05955
9 14 789.19344
9 15 1087.37783
9 16 1102.35580
9 17 1102.02630
9 18 1104.67164
9 19 678.09768
9 20 354.81878
9 21 819.27737
9 22 681.08857
9 23 897.03236
9 24 726.45223
9 25 728.67978
9 26 1340.31517
9 27 1106.64974
9 28 635.24494
9 29 826.02205
9 30 1551.06751
9 31 940.17502
9 32 1431.77292
9 33 1461.82193
9 34 1140.66673
9 35 1591.01932
9 36 1292.18709
9 37 1515.02610
10 11 69.96478
10 12 399.70688
10 13 1147.49090
10 14 415.35364
10 15 158.80142
10 16 159.69202
10 17 169.97934
10 18 172.78137
10 19 610.84086
10 20 1439.38457
10 21 525.58174
10 22 675.71061
10 23 490.66643
10 24 682.81540
10 25 706.81997
10 26 503.36413
10 27 559.87942
10 28 1214.24591
10 29 1036.75378
10 30 832.20425
10 31 1172.69940
10 32 899.89924
10 33 904.46187
10 34 1060.30095
10 35 929.17601
10 36 1024.82914
10 37 1216.42187
11 12 332.40538
11 13 1081.14198
11 14 347.21924
11 15 97.94483
11 16 104.62299
11 17 116.24156
11 18 120.34539
11 19 540.90739
11 20 1370.59441
11 21 457.69314
11 22 606.29123
11 23 426.03731
11 24 614.42263
11 25 638.73279
11 26 488.55301
11 27 513.43260
11 28 1145.19734
11 29 971.83020
11 30 818.87737
11 31 1109.80546
11 32 870.82373
11 33 877.77985
11 34 1006.76738
11 35 913.10321
11 36 980.49651
11 37 1179.00796
12 13 748.93526
12 14 23.34819
12 15 289.11449
12 16 305.45979
12 17 306.87557
12 18 310.25698
12 19 252.16255
12 20 1041.14125
12 21 251.39391
12 22 335.78591
12 23 283.72533
12 24 367.72962
12 25 395.19140
12 26 633.29832
12 27 500.08401
12 28 862.30314
12 29 748.68855
12 30 929.92447
12 31 901.75248
12 32 904.37697
12 33 922.79983
12 34 881.54451
12 35 1005.30369
12 36 919.49369
12 37 1148.03054
13 14 735.63527
13 15 1031.91220
13 16 1046.08801
13 17 1045.01690
13 18 1047.36625
13 19 607.30802
13 20 338.89173
13 21 747.53550
13 22 603.86610
13 23 824.85483
13 24 647.07347
13 25 647.84120
13 26 1267.38060
13 27 1029.08944
13 28 554.16503
13 29 738.13161
13 30 1470.34138
13 31 853.69790
13 32 1347.43695
13 33 1377.75797
13 34 1052.62331
13 35 1508.28178
13 36 1204.73638
13 37 1427.11833
14 15 298.48144
14 16 314.05862
14 17 314.64373
14 18 317.72258
14 19 229.01375
14 20 1024.29775
14 21 230.53498
14 22 312.46053
14 23 266.46669
14 24 344.48479
14 25 371.94946
14 26 628.95635
14 27 486.99910
14 28 839.78187
14 29 725.41534
14 30 921.19298
14 31 878.57916
14 32 890.94490
14 33 909.96220
14 34 860.51703
14 35 995.03480
14 36 901.04083
14 37 1130.43931
15 16 19.25301
15 17 27.97849
15 18 33.33799
15 19 466.01279
15 20 1308.76834
15 21 369.90539
15 22 524.68063
15 23 331.96407
15 24 527.82412
15 25 551.07897
15 26 422.62462
15 27 418.47884
15 28 1060.51990
15 29 878.00953
15 30 750.14572
15 31 1014.09534
15 32 786.63617
15 33 795.62292
15 34 908.95861
15 35 840.87946
15 36 885.67342
15 37 1087.88678
16 17 11.82762
16 18 16.66670
16 19 475.57793
16 20 1320.55302
16 21 375.16257
16 22 531.98461
16 23 333.61858
16 24 533.17919
16 25 555.91963
16 26 404.90110
16 27 408.94001
16 28 1066.10933
16 29 879.05519
16 30 733.02229
16 31 1013.51977
16 32 772.52642
16 33 780.98273
16 34 903.10703
16 35 824.29779
16 36 876.09637
16 37 1076.26544
17 18 5.36476
17 19 471.18000
17 20 1317.49727
17 21 368.33016
17 22 526.16407
17 23 325.10999
17 24 526.28919
17 25 548.75516
17 26 394.67857
17 27 397.23607
17 28 1059.21386
17 29 870.08816
17 30 722.38722
17 31 1003.91880
17 32 760.87894
17 33 769.43238
17 34 891.97316
17 35 813.37604
17 36 864.36918
17 37 1064.43782
18 19 472.09963
18 20 1318.98499
18 21 368.01104
18 22 526.35911
18 23 323.80185
18 24 525.90525
18 25 548.21288
18 26 389.31381
18 27 393.08897
18 28 1058.78871
18 29 868.41545
18 30 717.03955
18 31 1001.80395
18 32 755.86030
18 33 764.33746
18 34 888.57483
18 35 808.06360
18 36 860.16168
18 37 1059.82835
19 20 850.93113
19 21 141.40053
19 22 86.95555
19 23 219.29048
19 24 132.86519
19 25 158.55361
19 26 662.52400
19 27 441.62060
19 28 613.55566
19 29 504.31105
19 30 896.15398
19 31 660.00022
19 32 814.39141
19 33 839.72381
19 34 682.66999
19 35 951.07655
19 36 760.36703
19 37 996.56503
20 21 978.96914
20 22 817.64795
20 23 1050.63088
20 24 844.30052
20 25 834.80468
20 26 1475.30596
20 27 1217.48237
20 28 496.49431
20 29 774.20818
20 30 1623.23118
20 31 835.41911
20 32 1467.21964
20 33 1500.00524
20 34 1094.38901
20 35 1641.90520
20 36 1273.03709
20 37 1468.54523
21 22 163.62644
21 23 77.89328
21 24 158.01941
21 25 181.28923
21 26 521.15482
21 27 306.69554
21 28 690.94777
21 29 521.72881
21 30 761.52390
21 31 668.22503
21 32 694.70496
21 33 717.79720
21 34 630.15071
21 35 821.35249
21 36 675.44344
21 37 907.90035
22 23 232.98337
22 24 56.79521
22 25 77.14869
22 26 667.07387
22 27 425.58143
22 28 539.69131
22 29 417.37053
22 30 872.93362
22 31 573.05883
22 32 772.87741
22 33 800.20162
22 34 605.42539
22 35 919.84825
22 36 695.45231
22 37 931.89578
23 24 214.14231
23 25 232.22611
23 26 443.31846
23 27 235.22320
23 28 741.03110
23 29 546.09620
23 30 688.19702
23 31 684.42689
23 32 632.05015
23 33 653.45531
23 34 612.45772
23 35 751.27805
23 36 636.48589
23 37 864.30521
24 25 27.46763
24 26 632.69138
24 27 383.19664
24 28 532.93851
24 29 381.01264
24 30 824.92359
24 31 534.29809
24 32 719.18188
24 33 746.99252
24 34 551.29589
24 35 868.92956
24 36 638.69185
24 37 875.14727
25 26 640.61050
25 27 386.69737
25 28 510.79376
25 29 353.57546
25 30 822.57219
25 31 506.84253
25 32 710.50586
25 33 738.97712
25 34 528.28476
25 35 863.59757
25 36 620.91120
25 37 857.15963
26 27 264.63351
26 28 1099.13732
26 29 834.14639
26 30 330.34672
26 31 921.06547
26 32 415.06027
26 33 412.91881
26 34 709.44087
26 35 425.90733
26 36 605.26783
26 37 752.11578
27 28 834.92199
27 29 576.27003
27 30 455.03830
27 31 676.96245
27 32 404.34029
27 33 422.97023
27 34 508.75131
27 35 516.05712
27 36 467.22228
27 37 674.01393
28 29 296.30032
28 30 1182.31258
28 31 339.02954
28 32 1005.83641
28 33 1039.36905
28 34 604.11864
28 35 1185.53927
28 36 788.67684
28 37 974.22583
29 30 888.75637
29 31 156.90024
29 32 709.56784
29 33 743.11369
29 34 323.39113
29 35 889.44045
29 36 498.87420
29 37 701.01784
30 31 922.31471
30 32 210.74405
30 33 183.08613
30 34 649.86007
30 35 101.87526
30 36 479.32254
30 37 523.73438
31 32 725.20808
31 33 758.48219
31 34 287.42221
31 35 905.54573
31 36 477.96678
31 37 640.80028
32 33 33.62490
32 34 445.32249
32 35 180.97918
32 36 269.01310
32 37 342.23783
33 34 477.87114
33 35 147.41388
33 36 299.34973
33 37 354.85234
34 35 623.48801
34 36 190.54526
34 37 377.78274
35 36 440.55908
35 37 444.22745
36 37 236.48918
