0 1 290.99302
0 2 794.00183
0 3 628.70629
0 4 850.04943
0 5 806.30102
0 6 881.97591
0 7 972.87318
0 8 991.28119
0 9 437.07376
1 2 512.54098
1 3 341.88801
1 4 564.41248
1 5 515.31151
1 6 591.02569
1 7 682.87680
1 8 701.25826
1 9 457.15919
2 3 174.78754
2 4 68.96557
2 5 167.35279
2 6 182.23963
2 7 299.63989
2 8 312.28208
2 9 882.96170
3 4 222.53898
3 5 199.75853
3 6 266.30429
3 7 376.01162
3 8 393.28090
3 9 713.57918
4 5 139.40601
4 6 127.00405
4 7 238.63042
4 8 249.69694
4 9 912.46680
5 6 77.17624
5 7 176.35391
5 8 193.82167
5 9 808.47195
6 7 119.25859
6 8 133.88373
6 9 881.57233
7 8 18.41945
7 9 926.36451
8 9 943.16621
